Tiempo (s),Aceleración X (m/s²),Aceleración Y (m/s²),Aceleración Z (m/s²),Giroscopio X (°/s),Giroscopio Y (°/s),Giroscopio Z (°/s),Altitud (Barómetro - m)
115.21204376220703,0.24,-0.69,10.31,1.62,-3.42,1.69,2240.0
115.31222081184387,-0.88,0.54,9.44,3.4,-3.78,2.23,2240.7
115.41246104240417,0.27,-0.96,9.24,-0.81,4.84,2.49,2240.5
115.51253199577332,-0.85,-0.73,10.43,3.49,-2.3,0.79,2243.8
115.61267352104187,-0.71,-0.53,9.26,-2.94,-1.66,3.58,2240.2
115.71337914466858,0.88,0.86,9.42,-1.09,1.88,-2.79,2244.7
115.81296491622925,0.91,0.48,10.16,-4.45,-0.58,3.2,2241.1
115.91306900978088,-0.5,0.26,9.76,-0.03,0.01,1.12,2241.6
116.01322412490845,-0.05,-0.54,9.16,2.99,-2.24,-1.77,2242.9
116.11334133148193,0.79,0.04,9.4,1.51,-2.82,-4.45,2240.3
116.2137610912323,-0.95,-0.17,9.82,4.85,2.89,0.76,2240.7
116.31368231773376,0.27,0.87,10.37,-0.27,-0.08,0.17,2243.9
116.41395497322083,0.12,-0.38,9.43,-2.95,3.32,1.86,2244.8
116.51393604278564,0.13,0.88,9.65,-2.9,-3.15,-1.69,2244.4
116.61410450935364,-0.59,-0.98,9.47,-1.05,-4.55,-1.73,2243.9
116.7144570350647,-0.57,0.04,9.11,4.0,-2.47,-2.35,2241.8
116.8141713142395,-0.64,-0.68,9.0,3.17,-4.39,3.65,2241.2
116.91441702842712,-0.58,-0.21,10.26,2.0,0.33,-1.01,2241.7
117.0146849155426,-0.14,-0.44,9.3,1.43,-0.62,4.96,2243.1
117.11480760574341,-0.14,-0.88,10.1,-3.5,-2.91,-0.14,2244.7
117.21477127075195,0.35,-0.66,10.26,-1.75,2.43,-2.94,2240.6
117.31497883796692,0.17,-0.17,9.94,-2.35,-4.19,4.77,2243.2
117.4155523777008,0.69,-0.48,9.97,4.13,1.42,-3.43,2242.5
117.51529240608215,-0.09,-0.71,9.91,-4.74,-0.04,3.87,2242.7
117.61541175842285,0.69,-0.33,9.13,2.7,4.38,3.06,2243.3
117.71552658081055,0.41,0.8,10.1,3.31,0.54,1.42,2244.9
117.81565833091736,-0.91,-0.1,9.08,4.14,-0.71,0.06,2240.1
117.91610956192017,-0.29,-1.0,10.08,-1.56,-0.45,2.84,2241.4
118.02630543708801,0.81,0.12,10.08,4.21,-2.2,3.48,2242.0
118.13657760620117,-0.58,-0.04,9.2,-0.5,2.23,-4.6,2242.2
118.21676588058472,-0.32,0.41,9.28,-3.17,-3.14,-0.44,2243.5
118.31653833389282,0.86,0.9,9.48,4.96,-4.51,-4.68,2240.8
118.4165678024292,0.27,-0.15,9.52,-2.27,-4.06,3.69,2244.9
118.51671242713928,-0.66,-0.05,9.97,2.37,-0.57,-1.32,2242.7
118.61692762374878,0.29,0.27,10.34,3.92,-2.79,4.3,2240.8
118.71707963943481,-0.14,-0.22,9.19,-1.34,-3.08,-3.39,2242.7
118.81719517707825,-0.22,0.66,10.02,2.24,-4.18,2.44,2242.6
118.91739988327026,-0.79,-0.82,10.27,-0.79,-1.15,-4.36,2244.7
119.0175199508667,0.92,-0.88,9.22,-2.45,-2.28,-4.14,2243.5
119.11769461631775,0.67,-0.37,9.32,-2.6,1.43,-3.61,2240.5
119.21767854690552,-0.1,-0.93,9.2,1.38,2.67,-4.1,2244.3
119.31806373596191,-0.45,-0.96,9.23,2.3,-2.33,0.58,2243.8
119.418044090271,0.77,-0.47,9.17,-2.44,-4.93,0.42,2240.8
119.51830744743347,0.28,-0.51,10.41,-0.09,-2.16,-2.07,2241.3
119.61845874786377,0.34,-0.45,9.92,1.96,2.15,-2.29,2240.3
119.71858143806458,-0.66,-0.24,9.3,-0.71,-4.1,-1.55,2244.8
119.81871223449707,0.06,-0.95,10.05,1.74,1.75,4.69,2242.6
119.91883516311646,0.39,0.73,9.11,-2.56,3.75,0.19,2241.7
120.01903581619263,0.98,-0.47,9.65,-0.25,3.7,2.52,2240.9
120.11917161941528,0.59,-0.94,10.1,-3.75,-2.15,1.17,2244.4
120.21933484077454,-0.48,-0.04,9.45,0.56,-0.24,-1.12,2244.9
120.31955623626709,-0.68,-0.2,10.36,-1.25,-1.64,4.18,2244.4
120.41970539093018,0.31,0.09,9.81,-4.17,-4.89,-0.81,2244.3
120.51979041099548,0.87,-0.73,10.49,-2.27,3.13,2.43,2242.1
120.61990785598755,-0.82,-0.18,9.6,-1.14,2.31,2.88,2241.7
120.7200984954834,0.7,0.86,9.81,-2.97,-1.16,3.72,2243.4
120.82023477554321,-0.19,-0.32,10.18,-1.55,3.85,-2.94,2244.5
120.92045831680298,0.55,0.81,9.78,-4.7,-4.26,-3.09,2240.9
121.0206127166748,0.64,-0.17,9.18,1.17,-0.66,-0.56,2240.5
121.12071681022644,0.22,-0.27,9.81,0.26,3.09,-0.46,2243.1
121.22099018096924,-0.71,0.08,9.88,-4.75,0.72,0.81,2241.5
121.32096648216248,0.67,-0.67,9.2,-0.43,-1.12,-4.21,2241.9
121.42130947113037,0.4,-0.51,9.25,-2.76,2.97,-4.68,2242.5
121.52137899398804,0.36,-0.69,9.06,-0.8,-3.69,-2.88,2244.4
121.62149047851562,-0.65,-0.62,9.41,-4.98,-1.62,2.89,2243.2
121.72165703773499,0.48,0.25,10.01,4.9,1.0,-1.8,2244.1
121.82170701026917,0.45,-0.9,9.99,-2.86,-3.84,3.16,2243.9
121.92187309265137,0.9,0.58,9.71,0.3,-2.98,2.51,2240.2
122.02207469940186,-0.91,0.05,10.19,4.27,-2.55,-2.73,2244.3
122.12228965759277,-0.37,-0.93,10.27,-4.62,-1.55,3.14,2243.4
122.2224543094635,0.06,-0.7,9.58,-3.66,4.87,3.36,2243.4
122.32255053520203,0.43,0.8,10.21,-1.17,3.88,4.0,2240.6
122.42283415794373,0.3,0.1,9.44,-2.52,1.49,-3.12,2240.8
122.5228819847107,-0.13,-0.16,10.26,3.98,0.46,-3.61,2241.5
122.62292814254761,0.65,0.61,9.02,3.7,-0.95,-4.95,2242.2
122.72312593460083,-0.11,0.22,10.1,-4.8,-4.84,-1.09,2242.0
122.8231999874115,-0.75,0.55,10.19,2.13,-3.64,2.98,2240.8
122.9234070777893,-0.92,0.18,10.28,-1.07,4.17,-3.36,2240.2
123.02361822128296,-0.38,-0.19,9.8,-1.21,-4.34,-2.26,2242.0
123.12367534637451,-0.6,0.23,9.65,3.32,-4.27,-0.47,2241.6
123.2240424156189,-0.63,-0.25,9.78,-0.99,4.63,2.14,2241.3
123.32413387298584,0.84,-0.82,9.23,-4.03,-0.23,-4.79,2241.9
123.42425441741943,-0.22,-0.25,9.71,-2.04,4.2,1.99,2244.1
123.52434706687927,-0.91,-0.68,9.63,-4.46,0.67,-1.07,2242.9
123.62455940246582,-0.66,0.9,9.2,-0.08,2.92,5.0,2242.4
123.72463607788086,0.78,0.69,9.57,3.19,-4.26,-1.84,2243.8
123.82488250732422,-0.05,-0.94,10.04,1.94,1.27,-2.32,2242.0
123.92506837844849,0.38,-0.22,9.46,-0.18,2.02,-4.91,2242.9
124.0251772403717,-0.4,0.09,9.64,3.85,2.48,1.41,2243.7
124.12528562545776,-0.61,-0.69,9.65,-4.22,0.92,3.43,2241.8
124.22545909881592,0.07,-0.91,9.53,-4.93,-0.74,-0.88,2244.6
124.3256368637085,0.79,0.43,9.53,-3.07,-0.78,-0.03,2242.8
124.42581152915955,-0.9,0.81,10.27,3.88,3.58,-2.21,2244.1
124.52606725692749,-0.21,-0.51,9.74,-3.34,-2.19,4.64,2240.9
124.626145362854,0.33,0.86,9.08,4.14,2.87,-2.79,2241.6
124.7263514995575,-0.68,0.93,9.93,-1.58,1.15,4.79,2244.3
124.82655048370361,-0.33,0.28,10.15,-3.7,-4.91,3.28,2240.8
124.9266710281372,0.91,0.21,9.36,2.92,-1.54,-0.95,2241.3
125.02669262886047,0.79,-0.45,9.83,-3.86,4.04,3.33,2243.5
125.12680244445801,-0.6,0.49,9.05,0.34,1.68,-3.32,2240.7
125.22696900367737,-0.28,0.94,10.38,3.75,-4.7,0.85,2240.8
125.32716178894043,-0.48,-0.74,9.29,-2.59,2.69,-1.71,2242.0
125.42732954025269,0.92,-0.87,9.71,-4.92,-4.27,2.62,2243.2
125.52744579315186,-0.96,-0.25,9.56,2.0,-2.27,2.16,2243.5
125.62759757041931,0.48,0.56,10.21,3.53,-0.45,3.94,2243.2
125.72781372070312,-0.97,0.18,9.16,-4.15,-0.3,-0.63,2241.7
125.82798409461975,0.22,-0.03,9.3,3.27,3.1,1.36,2242.7
125.92810130119324,0.29,-0.72,9.61,-3.54,-3.43,-4.1,2241.0
126.02817845344543,0.69,-0.14,9.29,-0.71,-3.22,-0.0,2242.5
126.12847566604614,0.93,-0.0,10.42,1.17,-0.91,-4.95,2240.6
126.22856855392456,-0.64,0.82,9.52,-1.15,-3.86,-0.65,2244.0
126.3286521434784,0.55,-0.31,9.24,3.94,-0.74,1.72,2241.2
126.4289243221283,-0.48,-0.33,9.07,4.88,0.95,-3.53,2242.9
126.52905893325806,-0.89,0.41,10.02,2.76,1.64,1.66,2244.4
126.62916827201843,-0.76,0.27,10.08,3.01,-3.47,2.18,2241.6
126.7293393611908,0.57,-0.81,9.05,2.53,1.05,-0.5,2244.8
126.82949042320251,0.23,-0.97,9.05,-1.55,-3.61,1.96,2241.5
126.92969417572021,-0.64,-0.38,9.25,-1.79,1.05,0.37,2244.7
127.02981066703796,-0.05,0.91,10.14,-3.64,-1.84,-3.61,2241.0
127.12991094589233,0.57,0.61,9.21,-0.68,-3.95,-3.82,2241.5
127.23002791404724,0.62,-0.3,9.4,-0.53,-1.38,-2.41,2242.5
127.33029270172119,-0.56,-0.17,10.32,1.81,-0.22,-0.54,2240.6
127.43039131164551,0.74,-0.71,9.69,1.39,-0.28,-2.02,2241.5
127.53051996231079,0.24,-0.59,10.45,-3.03,0.56,-0.08,2240.2
127.6307544708252,-0.52,0.15,9.38,2.12,-0.61,2.59,2240.3
127.73090481758118,-0.38,0.37,9.5,0.77,0.23,-2.11,2244.0
127.83105897903442,0.44,-0.29,10.11,0.61,0.22,3.18,2243.2
127.93125891685486,-0.69,0.91,9.59,-4.31,-3.18,-0.44,2240.8
128.03137254714966,0.55,0.38,10.1,-1.4,-2.15,-3.41,2243.7
128.131507396698,0.79,-0.61,9.84,-2.96,2.82,-2.84,2243.8
128.23169088363647,0.53,0.5,10.43,-3.02,2.73,-3.72,2242.9
128.33187460899353,0.48,-0.58,9.02,0.18,1.29,-4.08,2244.2
128.43195509910583,0.82,0.34,10.36,3.62,-1.64,-1.63,2241.1
128.53218126296997,0.07,-0.19,10.12,3.47,-2.71,-0.61,2245.0
128.63218021392822,-0.75,-0.34,10.27,-2.01,4.73,2.66,2244.0
128.73249888420105,-0.18,0.38,10.47,-1.57,-0.18,4.28,2243.1
128.83266758918762,0.19,-0.5,9.53,3.6,-1.28,1.21,2240.8
128.93272352218628,-0.09,-0.17,9.92,-4.03,4.11,-4.46,2240.1
129.0329418182373,-0.24,-0.65,9.79,3.48,-0.59,3.54,2244.9
129.1330029964447,-0.57,0.97,10.22,1.2,-3.46,-1.39,2241.0
129.23319220542908,-0.02,0.48,9.84,0.25,-1.02,-1.96,2243.3
129.33338260650635,-0.23,0.16,9.05,-3.16,3.95,4.35,2241.6
129.43353462219238,-0.43,-0.45,9.37,-1.53,-0.43,3.26,2244.0
129.53374981880188,-0.54,0.4,9.86,3.51,-3.2,3.06,2241.9
129.6336989402771,-0.83,0.97,9.21,-2.48,2.12,-4.0,2244.7
129.73394465446472,-0.22,-0.89,9.83,3.81,2.19,-0.75,2244.5
129.83407998085022,0.7,0.61,9.47,1.34,-4.82,4.93,2244.1
129.93422889709473,0.51,-0.8,10.5,-1.72,-0.32,-4.75,2240.2
130.0356376171112,-0.0,-0.48,9.62,3.56,-4.4,-0.99,2244.6
130.13542103767395,0.81,0.21,9.18,4.58,3.22,-0.42,2243.5
130.23479533195496,0.95,-0.05,9.53,-3.17,3.82,1.78,2241.0
130.33502912521362,-0.84,0.84,9.96,4.37,-3.39,2.35,2242.2
130.43510127067566,0.78,0.95,9.6,-0.62,4.6,1.74,2244.0
130.53534531593323,-0.43,0.13,9.19,3.33,-0.01,-3.98,2242.3
130.6355903148651,0.14,-0.44,10.44,4.28,2.05,-3.39,2240.6
130.73580837249756,-0.19,-0.22,9.76,-2.7,-3.72,1.75,2241.7
130.83746147155762,-0.83,-0.55,10.38,-1.47,1.99,-2.15,2240.1
130.93613076210022,-0.41,0.49,10.22,4.8,-4.3,-2.53,2243.1
131.0364580154419,0.01,-0.85,10.11,3.91,2.31,-2.68,2244.5
131.1365361213684,-0.94,0.92,9.4,2.01,3.19,-3.7,2244.4
131.23668885231018,0.51,0.04,10.14,1.17,-3.31,2.05,2242.9
